100
1 9983.3333 98550.0000
2 10000.0000 98533.3333
3 10000.0000 98550.0000
4 10000.0000 98566.6667
5 10016.6667 98516.6667
6 10033.3333 98533.3333
7 10033.3333 98550.0000
8 10033.3333 98583.3333
9 10050.0000 98550.0000
10 10066.6667 98516.6667
11 10066.6667 98533.3333
12 10083.3333 98550.0000
13 10083.3333 98583.3333
14 10150.0000 98533.3333
15 10150.0000 98600.0000
16 10183.3333 98483.3333
17 10200.0000 98500.0000
18 10216.6667 98516.6667
19 10216.6667 98533.3333
20 10216.6667 98616.6667
21 10233.3333 98500.0000
22 10233.3333 98616.6667
23 10250.0000 98516.6667
24 10250.0000 98600.0000
25 10266.6667 98533.3333
26 10283.3333 98600.0000
27 10300.0000 98516.6667
28 10300.0000 98733.3333
29 10333.3333 98533.3333
30 10333.3333 98716.6667
31 10333.3333 98733.3333
32 10350.0000 98550.0000
33 10350.0000 98633.3333
34 10350.0000 98733.3333
35 10383.3333 98550.0000
36 10383.3333 98733.3333
37 10400.0000 98516.6667
38 10416.6667 98516.6667
39 10416.6667 98533.3333
40 10416.6667 98750.0000
41 10433.3333 98516.6667
42 10433.3333 98550.0000
43 10450.0000 98500.0000
44 10450.0000 98783.3333
45 10466.6667 98783.3333
46 10483.3333 98500.0000
47 10483.3333 98533.3333
48 10483.3333 98800.0000
49 10500.0000 98816.6667
50 10516.6667 98500.0000
51 10516.6667 98516.6667
52 10516.6667 98766.6667
53 10516.6667 98816.6667
54 10533.3333 98750.0000
55 10533.3333 98816.6667
56 10550.0000 98483.3333
57 10566.6667 98800.0000
58 10600.0000 98783.3333
59 10650.0000 98783.3333
60 10683.3333 98450.0000
61 10733.3333 98500.0000
62 10833.3333 98683.3333
63 10850.0000 98583.3333
64 10883.3333 98750.0000
65 10916.6667 98633.3333
66 10916.6667 98766.6667
67 10916.6667 98966.6667
68 10983.3333 98666.6667
69 11000.0000 98683.3333
70 11016.6667 98783.3333
71 11033.3333 98633.3333
72 11066.6667 98616.6667
73 11066.6667 98683.3333
74 11066.6667 98733.3333
75 11100.0000 98683.3333
76 11116.6667 98733.3333
77 11116.6667 98800.0000
78 11133.3333 98683.3333
79 11133.3333 98733.3333
80 11150.0000 98716.6667
81 11150.0000 98733.3333
82 11200.0000 98800.0000
83 11233.3333 98750.0000
84 11233.3333 98800.0000
85 11250.0000 98783.3333
86 11250.0000 98800.0000
87 11250.0000 98983.3333
88 11266.6667 98766.6667
89 11266.6667 98950.0000
90 11283.3333 98750.0000
91 11283.3333 98783.3333
92 11283.3333 98950.0000
93 11300.0000 98550.0000
94 11300.0000 98750.0000
95 11300.0000 98800.0000
96 11300.0000 98950.0000
97 11316.6667 98733.3333
98 11333.3333 98833.3333
99 11350.0000 98733.3333
100 11366.6667 98733.3333